7 49
0 0 0.0 1 482
0 1 5561.1 76 482 633 642 628 643 644 645 792 789 790 914 908 907 906 1038 1037 1163 1164 1165 1166 1167 1348 1326 1328 1351 1350 1349 1456 1442 1435 1434 1439 1588 1592 1585 1708 1707 1706 1687 1690 1809 1820 1816 1814 1822 1821 1804 1802 1966 1968 1982 1984 1983 1980 1981 2137 2136 2122 2121 2306 2283 2295 2294 2372 2378 2455 2454 2428 2449 2417 2416 2509 2510 2506 2505 2504
0 2 2089.0 31 482 633 642 628 629 630 640 639 638 635 621 613 616 617 620 611 618 772 771 759 758 746 873 874 869 865 743 742 741 740 733
0 3 2549.1 33 482 633 642 628 629 630 640 639 637 636 476 473 486 483 497 496 493 489 488 510 509 503 502 507 533 513 515 517 514 536 676 827 826
0 4 2932.1 50 482 633 642 628 629 630 640 639 637 636 632 478 468 461 466 470 469 453 454 457 460 456 451 450 447 446 445 444 443 442 440 441 434 293 294 289 292 291 279 278 274 272 269 268 267 266 175 174 171 172
0 5 5434.0 78 482 633 642 628 643 644 645 792 789 790 914 908 907 906 1038 1037 1163 1164 1165 1166 1167 1348 1326 1328 1351 1350 1349 1456 1442 1435 1434 1439 1588 1592 1585 1708 1707 1706 1687 1690 1809 1820 1816 1814 1822 1821 1804 1802 1966 1968 1982 1984 1983 1980 1979 1972 1963 1973 1964 1957 1949 2119 2114 2112 2113 2108 2111 2110 2259 2261 2255 2252 2250 2254 2249 2364 2365 2361
0 6 6091.6 78 482 633 642 628 643 644 645 792 789 790 914 908 907 906 1038 1037 1163 1164 1165 1166 1167 1348 1326 1328 1351 1350 1349 1456 1458 1455 1598 1599 1594 1738 1732 1735 1734 1730 1863 1870 1857 1859 1874 1873 1876 2034 2037 2026 2027 2056 2048 2046 2051 2052 2045 2053 2205 2204 2203 2397 2401 2398 2402 2473 2481 2483 2482 2479 2478 2474 2475 2496 2489 2488 2487 2558 2559 2605
1 0 5561.1 76 2504 2505 2506 2510 2509 2416 2417 2449 2428 2454 2455 2378 2372 2294 2295 2283 2306 2121 2122 2136 2137 1981 1980 1983 1984 1982 1968 1966 1802 1804 1821 1822 1814 1816 1820 1809 1690 1687 1706 1707 1708 1585 1592 1588 1439 1434 1435 1442 1456 1349 1350 1351 1328 1326 1348 1167 1166 1165 1164 1163 1037 1038 906 907 908 914 790 789 792 645 644 643 628 642 633 482
1 1 0.0 1 2504
1 2 4874.6 57 2504 2505 2506 2510 2509 2416 2417 2449 2428 2454 2455 2378 2372 2294 2295 2283 2306 2121 2122 2136 2137 1981 1980 1983 1984 1982 1968 1966 1802 1804 1821 1822 1812 1807 1808 1681 1680 1676 1674 1552 1557 1554 1536 1533 1534 1550 1121 1117 867 868 869 865 743 742 741 740 733
1 3 6533.1 86 2504 2505 2506 2510 2509 2416 2417 2449 2428 2454 2455 2378 2372 2294 2295 2283 2306 2121 2122 2136 2137 1981 1980 1983 1984 1982 1968 1966 1802 1804 1821 1822 1814 1816 1820 1809 1690 1687 1706 1707 1708 1585 1592 1588 1439 1434 1435 1442 1456 1349 1341 1343 1342 1333 1332 1357 1358 1355 1353 1366 1365 1177 1183 1182 1178 1180 1181 1179 1176 1184 1192 1185 1189 1188 1053 1201 1058 1057 1059 1056 937 944 938 830 828 826
1 4 6221.7 74 2504 2505 2506 2510 2509 2416 2417 2449 2428 2454 2455 2378 2372 2294 2295 2283 2306 2121 2122 2136 2137 1981 1980 1983 1984 1982 1968 1966 1802 1804 1821 1822 1812 1807 1808 1681 1680 1676 1674 1552 1557 1554 1536 1533 1534 1550 1121 1117 867 868 869 865 743 742 741 740 739 738 589 586 431 430 429 276 275 272 269 268 267 266 175 174 171 172
1 5 755.3 4 2504 2501 2360 2361
1 6 3871.0 18 2504 2503 2502 2513 2508 2534 2544 2543 2542 2546 2548 2591 2593 2600 2602 2601 2603 2605
2 0 2089.0 31 733 740 741 742 743 865 869 874 873 746 758 759 771 772 618 611 620 617 616 613 621 635 638 639 640 630 629 628 642 633 482
2 1 4874.6 57 733 740 741 742 743 865 869 868 867 1117 1121 1550 1534 1533 1536 1554 1557 1552 1674 1676 1680 1681 1808 1807 1812 1822 1821 1804 1802 1966 1968 1982 1984 1983 1980 1981 2137 2136 2122 2121 2306 2283 2295 2294 2372 2378 2455 2454 2428 2449 2417 2416 2509 2510 2506 2505 2504
2 2 0.0 1 733
2 3 3487.9 42 733 740 741 742 743 865 869 874 873 746 758 759 760 625 622 623 478 472 474 484 485 486 483 497 496 493 489 488 510 509 503 502 507 533 513 515 517 514 536 676 827 826
2 4 1420.7 19 733 739 738 589 586 431 430 429 276 275 272 269 268 267 266 175 174 171 172
2 5 4747.5 59 733 740 741 742 743 865 869 868 867 1117 1121 1550 1534 1533 1536 1554 1557 1552 1674 1676 1680 1681 1808 1807 1812 1822 1821 1804 1802 1966 1968 1982 1984 1983 1980 1979 1972 1963 1973 1964 1957 1949 2119 2114 2112 2113 2108 2111 2110 2259 2261 2255 2252 2250 2254 2249 2364 2365 2361
2 6 6341.9 55 733 740 741 742 743 865 869 868 867 1117 1121 1550 1534 1533 1536 1554 1557 1552 1674 1676 1680 1681 1808 1807 1812 1814 1813 1811 1810 1840 1827 1839 1842 1845 2023 2022 2158 2173 2175 2185 2179 2318 2324 2320 2393 2551 2549 2553 2596 2598 2599 2602 2601 2603 2605
3 0 2549.1 33 826 827 676 536 514 517 515 513 533 507 502 503 509 510 488 489 493 496 497 483 486 473 476 636 637 639 640 630 629 628 642 633 482
3 1 6533.1 86 826 828 830 938 944 937 1056 1059 1057 1058 1201 1053 1188 1189 1185 1192 1184 1176 1179 1181 1180 1178 1182 1183 1177 1365 1366 1353 1355 1358 1357 1332 1333 1342 1343 1341 1349 1456 1442 1435 1434 1439 1588 1592 1585 1708 1707 1706 1687 1690 1809 1820 1816 1814 1822 1821 1804 1802 1966 1968 1982 1984 1983 1980 1981 2137 2136 2122 2121 2306 2283 2295 2294 2372 2378 2455 2454 2428 2449 2417 2416 2509 2510 2506 2505 2504
3 2 3487.9 42 826 827 676 536 514 517 515 513 533 507 502 503 509 510 488 489 493 496 497 483 486 485 484 474 472 478 623 622 625 760 759 758 746 873 874 869 865 743 742 741 740 733
3 3 0.0 1 826
3 4 4275.4 64 826 827 676 536 514 517 515 513 533 507 502 503 509 510 488 489 493 496 497 483 486 485 484 474 472 478 468 461 466 470 469 453 454 457 460 456 451 450 447 446 445 444 443 442 440 441 434 293 294 289 292 291 279 278 274 272 269 268 267 266 175 174 171 172
3 5 6406.0 88 826 828 830 938 944 937 1056 1059 1057 1058 1201 1053 1188 1189 1185 1192 1184 1176 1179 1181 1180 1178 1182 1183 1177 1365 1366 1353 1355 1358 1357 1332 1333 1342 1343 1341 1349 1456 1442 1435 1434 1439 1588 1592 1585 1708 1707 1706 1687 1690 1809 1820 1816 1814 1822 1821 1804 1802 1966 1968 1982 1984 1983 1980 1979 1972 1963 1973 1964 1957 1949 2119 2114 2112 2113 2108 2111 2110 2259 2261 2255 2252 2250 2254 2249 2364 2365 2361
3 6 5111.7 36 826 828 830 829 945 1090 1089 1088 1087 1083 1084 1234 1244 1243 1248 1247 1654 1653 1652 1651 1783 1782 2232 2231 2230 2229 2343 2337 2491 2490 2489 2488 2487 2558 2559 2605
4 0 2932.1 50 172 171 174 175 266 267 268 269 272 274 278 279 291 292 289 294 293 434 441 440 442 443 444 445 446 447 450 451 456 460 457 454 453 469 470 466 461 468 478 632 636 637 639 640 630 629 628 642 633 482
4 1 6221.7 74 172 171 174 175 266 267 268 269 272 275 276 429 430 431 586 589 738 739 740 741 742 743 865 869 868 867 1117 1121 1550 1534 1533 1536 1554 1557 1552 1674 1676 1680 1681 1808 1807 1812 1822 1821 1804 1802 1966 1968 1982 1984 1983 1980 1981 2137 2136 2122 2121 2306 2283 2295 2294 2372 2378 2455 2454 2428 2449 2417 2416 2509 2510 2506 2505 2504
4 2 1420.7 19 172 171 174 175 266 267 268 269 272 275 276 429 430 431 586 589 738 739 733
4 3 4275.4 64 172 171 174 175 266 267 268 269 272 274 278 279 291 292 289 294 293 434 441 440 442 443 444 445 446 447 450 451 456 460 457 454 453 469 470 466 461 468 478 472 474 484 485 486 483 497 496 493 489 488 510 509 503 502 507 533 513 515 517 514 536 676 827 826
4 4 0.0 1 172
4 5 6094.6 76 172 171 174 175 266 267 268 269 272 275 276 429 430 431 586 589 738 739 740 741 742 743 865 869 868 867 1117 1121 1550 1534 1533 1536 1554 1557 1552 1674 1676 1680 1681 1808 1807 1812 1822 1821 1804 1802 1966 1968 1982 1984 1983 1980 1979 1972 1963 1973 1964 1957 1949 2119 2114 2112 2113 2108 2111 2110 2259 2261 2255 2252 2250 2254 2249 2364 2365 2361
4 6 7689.0 72 172 171 174 175 266 267 268 269 272 275 276 429 430 431 586 589 738 739 740 741 742 743 865 869 868 867 1117 1121 1550 1534 1533 1536 1554 1557 1552 1674 1676 1680 1681 1808 1807 1812 1814 1813 1811 1810 1840 1827 1839 1842 1845 2023 2022 2158 2173 2175 2185 2179 2318 2324 2320 2393 2551 2549 2553 2596 2598 2599 2602 2601 2603 2605
5 0 5434.0 78 2361 2365 2364 2249 2254 2250 2252 2255 2261 2259 2110 2111 2108 2113 2112 2114 2119 1949 1957 1964 1973 1963 1972 1979 1980 1983 1984 1982 1968 1966 1802 1804 1821 1822 1814 1816 1820 1809 1690 1687 1706 1707 1708 1585 1592 1588 1439 1434 1435 1442 1456 1349 1350 1351 1328 1326 1348 1167 1166 1165 1164 1163 1037 1038 906 907 908 914 790 789 792 645 644 643 628 642 633 482
5 1 755.3 4 2361 2360 2501 2504
5 2 4747.5 59 2361 2365 2364 2249 2254 2250 2252 2255 2261 2259 2110 2111 2108 2113 2112 2114 2119 1949 1957 1964 1973 1963 1972 1979 1980 1983 1984 1982 1968 1966 1802 1804 1821 1822 1812 1807 1808 1681 1680 1676 1674 1552 1557 1554 1536 1533 1534 1550 1121 1117 867 868 869 865 743 742 741 740 733
5 3 6406.0 88 2361 2365 2364 2249 2254 2250 2252 2255 2261 2259 2110 2111 2108 2113 2112 2114 2119 1949 1957 1964 1973 1963 1972 1979 1980 1983 1984 1982 1968 1966 1802 1804 1821 1822 1814 1816 1820 1809 1690 1687 1706 1707 1708 1585 1592 1588 1439 1434 1435 1442 1456 1349 1341 1343 1342 1333 1332 1357 1358 1355 1353 1366 1365 1177 1183 1182 1178 1180 1181 1179 1176 1184 1192 1185 1189 1188 1053 1201 1058 1057 1059 1056 937 944 938 830 828 826
5 4 6094.6 76 2361 2365 2364 2249 2254 2250 2252 2255 2261 2259 2110 2111 2108 2113 2112 2114 2119 1949 1957 1964 1973 1963 1972 1979 1980 1983 1984 1982 1968 1966 1802 1804 1821 1822 1812 1807 1808 1681 1680 1676 1674 1552 1557 1554 1536 1533 1534 1550 1121 1117 867 868 869 865 743 742 741 740 739 738 589 586 431 430 429 276 275 272 269 268 267 266 175 174 171 172
5 5 0.0 1 2361
5 6 4615.3 22 2361 2360 2501 2505 2506 2507 2511 2512 2508 2534 2544 2543 2542 2546 2548 2591 2593 2600 2602 2601 2603 2605
6 0 6091.6 78 2605 2559 2558 2487 2488 2489 2496 2475 2474 2478 2479 2482 2483 2481 2473 2402 2398 2401 2397 2203 2204 2205 2053 2045 2052 2051 2046 2048 2056 2027 2026 2037 2034 1876 1873 1874 1859 1857 1870 1863 1730 1734 1735 1732 1738 1594 1599 1598 1455 1458 1456 1349 1350 1351 1328 1326 1348 1167 1166 1165 1164 1163 1037 1038 906 907 908 914 790 789 792 645 644 643 628 642 633 482
6 1 3871.0 18 2605 2603 2601 2602 2600 2593 2591 2548 2546 2542 2543 2544 2534 2508 2513 2502 2503 2504
6 2 6341.9 55 2605 2603 2601 2602 2599 2598 2596 2553 2549 2551 2393 2320 2324 2318 2179 2185 2175 2173 2158 2022 2023 1845 1842 1839 1827 1840 1810 1811 1813 1814 1812 1807 1808 1681 1680 1676 1674 1552 1557 1554 1536 1533 1534 1550 1121 1117 867 868 869 865 743 742 741 740 733
6 3 5111.7 36 2605 2559 2558 2487 2488 2489 2490 2491 2337 2343 2229 2230 2231 2232 1782 1783 1651 1652 1653 1654 1247 1248 1243 1244 1234 1084 1083 1087 1088 1089 1090 945 829 830 828 826
6 4 7689.0 72 2605 2603 2601 2602 2599 2598 2596 2553 2549 2551 2393 2320 2324 2318 2179 2185 2175 2173 2158 2022 2023 1845 1842 1839 1827 1840 1810 1811 1813 1814 1812 1807 1808 1681 1680 1676 1674 1552 1557 1554 1536 1533 1534 1550 1121 1117 867 868 869 865 743 742 741 740 739 738 589 586 431 430 429 276 275 272 269 268 267 266 175 174 171 172
6 5 4615.3 22 2605 2603 2601 2602 2600 2593 2591 2548 2546 2542 2543 2544 2534 2508 2512 2511 2507 2506 2505 2501 2360 2361
6 6 0.0 1 2605
7 2605 2361 172 826 733 2504 482